121
119
74
70
71
72
73
77
75
76
80
78
79
118
116
106
103
104
105
107
115
110
109
112
111
114
113
117
120
122
134
130
129
123
124
126
125
128
127
133
132
131
135
136
145
144
143
137
138
140
139
142
141
146
147
182
155
154
148
149
151
150
153
152
156
163
162
157
158
159
161
160
164
171
170
165
166
167
169
168
173
172
181
178
177
180
179
176
174
175
184
183
219
192
191
185
186
188
187
190
189
193
200
199
194
195
196
198
197
201
208
207
202
203
204
206
205
210
209
218
215
214
217
216
213
211
212
221
220
